2.00000000000000000E9	4.36866708616698320E-1 / 1.15904135061355660E2
2.01000000000000020E9	4.34042300664984370E-1 / 1.15724369633956090E2
2.02000000000000000E9	4.31226870960576390E-1 / 1.15545445685187210E2
2.03000000000000020E9	4.28420378525180650E-1 / 1.15367355101052980E2
2.04000000000000000E9	4.25622781634030910E-1 / 1.15190089831631840E2
2.04999999999999980E9	4.22834037846776220E-1 / 1.15013641890806690E2
2.06000000000000010E9	4.20054104037503610E-1 / 1.14838003355981690E2
2.06999999999999980E9	4.17282936423910660E-1 / 1.14663166367786260E2
2.08000000000000010E9	4.14520490595651840E-1 / 1.14489123129767420E2
2.08999999999999990E9	4.11766721541872190E-1 / 1.14315865908070320E2
2.10000000000000010E9	4.09021583677953250E-1 / 1.14143387031108050E2
2.11000000000000030E9	4.06285030871482980E-1 / 1.13971678889221620E2
2.12000000000000010E9	4.03557016467474750E-1 / 1.13800733934329460E2
2.12999999999999990E9	4.00837493312846860E-1 / 1.13630544679568460E2
2.13999999999999970E9	3.98126413780184410E-1 / 1.13461103698925860E2
2.14999999999999990E9	3.95423729790799780E-1 / 1.13292403626863480E2
2.16000000000000010E9	3.92729392837105220E-1 / 1.13124437157933630E2
2.16999999999999990E9	3.90043354004320660E-1 / 1.12957197046388250E2
2.18000000000000020E9	3.87365563991525490E-1 / 1.12790676105781060E2
2.18999999999999990E9	3.84695973132076660E-1 / 1.12624867208563480E2
2.20000000000000020E9	3.82034531413404470E-1 / 1.12459763285674310E2
2.21000000000000000E9	3.79381188496202570E-1 / 1.12295357326124120E2
2.21999999999999980E9	3.76735893733029630E-1 / 1.12131642376574490E2
2.23000000000000000E9	3.74098596186331940E-1 / 1.11968611540912330E2
2.23999999999999980E9	3.71469244645905940E-1 / 1.11806257979819250E2
2.25000000000000000E9	3.68847787645815380E-1 / 1.11644574910338030E2
2.26000000000000020E9	3.66234173480771470E-1 / 1.11483555605434010E2
2.27000000000000000E9	3.63628350221995160E-1 / 1.11323193393553720E2
2.28000000000000020E9	3.61030265732571730E-1 / 1.11163481658180220E2
2.29000000000000000E9	3.58439867682312750E-1 / 1.11004413837385350E2
2.29999999999999980E9	3.55857103562134650E-1 / 1.10845983423379700E2
2.31000000000000010E9	3.53281920697970530E-1 / 1.10688183962059950E2
2.31999999999999980E9	3.50714266264224460E-1 / 1.10531009052554150E2
2.33000000000000010E9	3.48154087296780500E-1 / 1.10374452346765440E2
2.33999999999999990E9	3.45601330705579460E-1 / 1.10218507548914020E2
2.35000000000000010E9	3.43055943286773160E-1 / 1.10063168415077480E2
2.36000000000000030E9	3.40517871734466840E-1 / 1.09908428752730640E2
2.37000000000000010E9	3.37987062652064370E-1 / 1.09754282420283420E2
2.37999999999999990E9	3.35463462563220550E-1 / 1.09600723326619340E2
2.38999999999999970E9	3.32947017922416590E-1 / 1.09447745430632070E2
2.39999999999999990E9	3.30437675125165860E-1 / 1.09295342740762780E2
2.41000000000000010E9	3.27935380517860150E-1 / 1.09143509314536380E2
2.41999999999999990E9	3.25440080407266750E-1 / 1.08992239258098380E2
2.43000000000000020E9	3.22951721069685280E-1 / 1.08841526725751910E2
2.43999999999999990E9	3.20470248759773260E-1 / 1.08691365919494000E2
2.45000000000000020E9	3.17995609719049770E-1 / 1.08541751088554020E2
2.46000000000000000E9	3.15527750184085590E-1 / 1.08392676528931160E2
2.46999999999999980E9	3.13066616394389370E-1 / 1.08244136582933370E2
2.48000000000000000E9	3.10612154599995400E-1 / 1.08096125638717180E2
2.48999999999999980E9	3.08164311068765340E-1 / 1.07948638129827890E2
2.50000000000000000E9	3.05723032093407990E-1 / 1.07801668534741820E2
2.51000000000000020E9	3.03288263998226660E-1 / 1.07655211376408590E2
2.52000000000000000E9	3.00859953145601540E-1 / 1.07509261221795740E2
2.53000000000000020E9	2.98438045942213660E-1 / 1.07363812681433890E2
2.54000000000000000E9	2.96022488845018830E-1 / 1.07218860408963690E2
2.54999999999999980E9	2.93613228366977500E-1 / 1.07074399100685060E2
2.56000000000000010E9	2.91210211082547940E-1 / 1.06930423495106510E2
2.56999999999999980E9	2.88813383632948990E-1 / 1.06786928372497720E2
2.58000000000000010E9	2.86422692731198230E-1 / 1.06643908554443150E2
2.58999999999999990E9	2.84038085166934270E-1 / 1.06501358903397400E2
2.60000000000000010E9	2.81659507811027150E-1 / 1.06359274322243280E2
2.61000000000000030E9	2.79286907619981050E-1 / 1.06217649753850640E2
2.62000000000000010E9	2.76920231640142060E-1 / 1.06076480180638930E2
2.62999999999999990E9	2.74559427011707280E-1 / 1.05935760624140230E2
2.63999999999999970E9	2.72204440972549700E-1 / 1.05795486144565490E2
2.64999999999999990E9	2.69855220861856000E-1 / 1.05655651840372640E2
2.66000000000000010E9	2.67511714123590580E-1 / 1.05516252847836660E2
2.66999999999999990E9	2.65173868309785020E-1 / 1.05377284340622630E2
2.68000000000000020E9	2.62841631083659700E-1 / 1.05238741529361060E2
2.68999999999999990E9	2.60514950222583600E-1 / 1.05100619661224280E2
2.70000000000000020E9	2.58193773620875700E-1 / 1.04962914019507260E2
2.71000000000000000E9	2.55878049292452880E-1 / 1.04825619923209310E2
2.71999999999999980E9	2.53567725373329230E-1 / 1.04688732726618960E2
2.73000000000000000E9	2.51262750123970100E-1 / 1.04552247818901200E2
2.73999999999999980E9	2.48963071931506090E-1 / 1.04416160623687130E2
2.75000000000000000E9	2.46668639311811780E-1 / 1.04280466598665990E2
2.76000000000000020E9	2.44379400911450300E-1 / 1.04145161235180450E2
2.77000000000000000E9	2.42095305509491700E-1 / 1.04010240057823470E2
2.78000000000000020E9	2.39816302019204610E-1 / 1.03875698624038670E2
2.79000000000000000E9	2.37542339489630110E-1 / 1.03741532523722180E2
2.79999999999999980E9	2.35273367107034350E-1 / 1.03607737378828690E2
2.81000000000000010E9	2.33009334196251580E-1 / 1.03474308842978460E2
2.81999999999999980E9	2.30750190221914500E-1 / 1.03341242601067760E2
2.83000000000000010E9	2.28495884789577500E-1 / 1.03208534368882150E2
2.83999999999999990E9	2.26246367646737840E-1 / 1.03076179892711690E2
2.85000000000000010E9	2.24001588683754530E-1 / 1.02944174948969410E2
2.86000000000000030E9	2.21761497934670480E-1 / 1.02812515343812110E2
2.87000000000000010E9	2.19526045577939710E-1 / 1.02681196912763300E2
2.87999999999999990E9	2.17295181937063920E-1 / 1.02550215520340050E2
2.88999999999999970E9	2.15068857481137330E-1 / 1.02419567059681120E2
2.89999999999999990E9	2.12847022825309300E-1 / 1.02289247452178490E2
2.91000000000000010E9	2.10629628731160020E-1 / 1.02159252647110770E2
2.91999999999999990E9	2.08416626106996580E-1 / 1.02029578621280460E2
2.93000000000000020E9	2.06207966008071120E-1 / 1.01900221378652160E2
2.93999999999999990E9	2.04003599636721770E-1 / 1.01771176949994890E2
2.95000000000000020E9	2.01803478342440720E-1 / 1.01642441392525630E2
2.96000000000000000E9	1.99607553621870330E-1 / 1.01514010789556730E2
2.96999999999999980E9	1.97415777118731000E-1 / 1.01385881250144600E2
2.98000000000000000E9	1.95228100623680700E-1 / 1.01258048908741640E2
2.98999999999999980E9	1.93044476074111040E-1 / 1.01130509924850950E2
3.00000000000000000E9	1.90864855553879260E-1 / 1.01003260482682470E2
